



Cent: 0.0379595876048134
Cdet: 1.9075524472282306
wp_a: 0.39954841225549764
wp_b: 1.0
wp_bp: 1.2089310789702064
up_c: 0.5
vp_c: 0.5
bc_ap: 0.2
delta_bkg: 1.6917437238040522
wp0: -1e-08


Cent: 0.03900256716931107
Cdet: 1.71243599401935
wp_a: 0.7016232843579405
wp_b: 1.0
wp_bp: 2.119783846227655
up_c: 0.5
vp_c: 0.5
bc_ap: 0.2
delta_bkg: 2.741376134131078
wp0: -1e-08


Cent: 0.10433654199387282
Cdet: 1.1879773909991294
wp_a: 0.72514898182742
wp_b: 1.0
wp_bp: 0.19152553328451977
up_c: 0.5
vp_c: 0.5
bc_ap: 0.2
delta_bkg: 1.518737009490472
wp0: -1e-08


Cent: 0.02186958328354511
Cdet: 1.480727592789178
wp_a: 0.16215034898612735
wp_b: 1.0
wp_bp: 0.2675799992300824
up_c: 0.5
vp_c: 0.5
bc_ap: 0.2
delta_bkg: 2.6604157561378
wp0: -1e-08

