
Cent: 0.007092128119660041
Cdet: 1.99
wp_a: 0.37700564127138136
wp_b: 1.0
wp_bp: 1.25
up_c: 0.5
vp_c: 0.5
bc_ap: 0.2
delta_bkg: 1.7187736203706467
wp0: -1e-08


Cent: 0.11418762823987921
Cdet: 1.99
wp_a: 0.43314327611590864
wp_b: 1.0
wp_bp: 1.25
up_c: 0.5
vp_c: 0.5
bc_ap: 0.2
delta_bkg: 2.999373033088549
wp0: -1e-08


Cent: 0.15918835497315867
Cdet: 1.99
wp_a: 0.5630340793452238
wp_b: 1.0
wp_bp: 1.25
up_c: 0.5
vp_c: 0.5
bc_ap: 0.2
delta_bkg: 2.6556996536761255
wp0: -1e-08

